_____________________CLASSIFICATION REPORT____________________________

Classification Accuracy: 0.8327362909892533
Mean Squared Error     : 2.24993111049876
______________________________________________________________________
              precision    recall  f1-score   support

           0       0.93      0.77      0.84       425
           1       0.85      0.32      0.47       200
           2       0.78      0.88      0.82       381
           3       0.62      0.82      0.71       190
           4       0.84      0.69      0.76       354
           5       0.76      0.89      0.82       335
           6       0.76      0.66      0.71       281
           7       0.96      0.98      0.97      1071
           8       0.60      0.82      0.69        74
           9       0.75      0.95      0.84       318

    accuracy                           0.83      3629
   macro avg       0.79      0.78      0.76      3629
weighted avg       0.84      0.83      0.83      3629
