_____________________CLASSIFICATION REPORT____________________________

Classification Accuracy: 0.9545329291815927
Mean Squared Error     : 0.5348580876274456
______________________________________________________________________
              precision    recall  f1-score   support

           0       0.94      0.94      0.94       425
           1       0.91      0.76      0.83       200
           2       0.94      0.97      0.95       381
           3       0.96      0.93      0.95       190
           4       0.93      0.95      0.94       354
           5       0.93      0.97      0.95       335
           6       0.96      0.90      0.93       281
           7       0.98      0.99      0.99      1071
           8       0.90      0.99      0.94        74
           9       0.98      1.00      0.99       318

    accuracy                           0.95      3629
   macro avg       0.94      0.94      0.94      3629
weighted avg       0.95      0.95      0.95      3629
